   2.200   0.364   0.285   2.186   0.009    0.29  0.38
   2.196   0.372   0.288   4.471   0.013    0.29  0.38
   2.195   0.376   0.289   5.726   0.017    0.29  0.38
   2.193   0.378   0.289   6.908   0.021    0.29  0.38
   2.194   0.379   0.289   8.064   0.026    0.29  0.38
   2.194   0.378   0.289   9.336   0.032    0.29  0.38
   2.193   0.380   0.289  10.850   0.041    0.29  0.38
   2.194   0.379   0.289  13.448   0.058    0.29  0.38
   2.200   0.364   0.632   2.186   0.009    0.63  0.38
   2.196   0.372   0.633   4.471   0.013    0.63  0.38
   2.195   0.376   0.634   5.726   0.017    0.63  0.38
   2.193   0.378   0.634   6.908   0.021    0.63  0.38
   2.194   0.379   0.634   8.064   0.026    0.63  0.38
   2.194   0.378   0.634   9.336   0.032    0.63  0.38
   2.193   0.380   0.634  10.850   0.041    0.63  0.38
   2.194   0.379   0.634  13.448   0.058    0.63  0.38
   2.200   0.364   0.782   2.186   0.009    0.78  0.38
   2.196   0.372   0.783   4.471   0.013    0.78  0.38
   2.195   0.376   0.783   5.726   0.017    0.78  0.38
   2.193   0.378   0.783   6.908   0.021    0.78  0.38
   2.194   0.379   0.783   8.064   0.026    0.78  0.38
   2.194   0.378   0.783   9.336   0.032    0.78  0.38
   2.193   0.380   0.783  10.850   0.041    0.78  0.38
   2.194   0.379   0.783  13.448   0.058    0.78  0.38
